403963552746
216337073627
412268530214
101799241027
394982787910
576007288769
597528286220
882696608096
803080683038
226509771933
992224094102
022782633669
475610826428
974161340177
334187341201
835187816356
864021817105
081234612382
631180621983
375187749345
088115953659
722450799796
106394327976
215988240337
100869770625
239614041364
818020479724
327182536470
793148857554
821151502836
769176303050
402211220645
215612867678
390161218858
825463140434
877070393939
823461433217
757623521527
188732032242
602792084387
181808370975
341967222022
894151743041
536859614280
242155467476
679120266639
620811858109
323564133558
889500761115
668302890527
334719238834
581535208481
390659053832
151141861912
791421634056
944493810561
513722911692
618889707261
159801163202
433734154262
160019974036
981301389085
063029019082
713135300964
317335040751
770784522703
547446046249
839131744520
060854562345
751244967117
621672742324
415050890385
127240932107
510229295107
141442896955
672966979981
299569348900
011729251597
583811048974
565456695825
061300433526
517273297841
955324285240
482260183991
951622449831
331412747070
567398761635
813798434410
389112489039
419709042623
431947789599
770979960888
165367051857
229087863673
201326507122
541786782729
309411740698
358764732638
679259077173
173390650363
935514517453
442402230864
084607509111
698663278587
830183066678
312421168612
193622906662
295101665608
754814730868
227219155023
242325314886
907874700593
760521791077
015107092101
330022839173
023276436475
019266518680
433920461289
612325660879
135114033289
045444896034
694389587075
819387707537
149818532980
219987730654
470968352409
975177192831
947718482239
210898913868
961847356816
142035346669
229244827338
301717705085
475061412753
109053090682
495411322237
452521638101
053810823625
724402998310
744394859257
136894944134
633620490756
596121870991
506600463818
472165421287
188936219383
225311874249
935092525858
832640421083
766771673769
079520064153
361794517616
970577082375
344691851615
477195731855
603621092018
909421727983
402809344143
083650160692
342350588109
318182686696
003454184533
199111279763
263944974734
777716159825
334595246213
815382466445
352998172370
751431768108
819061133745
520841036092
353259979968
883903822023
963396482529
802841599142
175344606889
569925316101
558644051401
146000694222
997476167171
832037183103
202716777902
962376853828
681992540886
514534472881
625940219673
319513428341
458867163199
242202343686
186939128200
204761254322
272201985153
901642525640
688205820626
417321882329
861073477994
115564138334
487985255209
184668290564
509920976380
185724981860
810809513843
028716769649
827289635697
881110359780
848808984438
719393223339
891568004535
130978826042
060675519235
082320455504
889268909214
277790377134
976769674531
997832148174
613490207555
743788058334
426306984098
002608212933
663846360626
051557150177
398980748935
507760632001
524377941424
035459149342
094347612229
612308388722
569696690509
698668181177
541666050350
409008150085
269451884303
979443700018
915230381249
776393952560
922510672927
157946693305
760378227411
133119434089
454452191868
514561188376
815673525114
457054144871
480664695182
337759644999
191773383461
333906838989
404019191313
052693906492
041822923650
910451136401
728982853580
615683194337
293234745737
308351601358
134306914894
009403708045
980975665503
259559832214
752437811266
812847244984
243683625619
667306562382
110937118042
164928342995
725952991613
998137935847
340459926577
685632135724
768833873953
563471897956
281681365941
959087044053
679452810100
642036163042
599043113173
486930480650
972299433956
884274124788
167920567778
313338700973
986844607856
711378067169
816038779826
839058805859
793934258179
573102926687
091573941568
734486593383
079528357518
232015341283
134843694663
678571483050
643633124924
501076336996
799253074547
549447926067
131980914061
585224676601
264221904975
363376022570
782332783926
430851052315
818424028268
781162265425
270855879481
559776273234
540601392193
043235729818
409747137767
427720280340
123234946857
949618168556
335998457395
330301970138
270106095081
019485128547
749527972602
838076890468
698166081698
386594074138
613659181942
059474724423
693754051990
284988925096
677463301083
309498644561
062215708226
202612347266
472919137670
343210719441
104788241919
606416105712
559960728583
198727304829
450577814375
750005559591
751264462941
071251482297
354854576407
662085643895
605897974677
831455532192
944948159002
392267818583
349309987399
846481789191
901366803544
929734691611
563868384040
766733122256
976456171921
812128950686
570301298669
246403461609
754579117946
596386292918
195477101040
962470109631
204632525610
731382659958
351063921762
238159774216
731938968325
265266689533
096245467430
366075416030
245952163980
698601569122
734538537510
181121748665
647283268201
916237872605
347268473179
426554241690
028825243855
775859007977
883681516353
555827169729
056555665051
904631130919
905593910004
596839715677
040317987028
939013096785
673857617334
139993938908
962231402058
753717115066
901367760498
330232287998
505842351090
717963546270
089027218584
521239682922
548274433982
422871068754
031355560113
078388144168
242169571172
379723402977
592538260207
997711182009
409905174186
937042967873
319582559298
867572983673
759110811920
805486032042
982253322663
110244067041
885623518287
496005524562
212918979795
734255861550
920924623676
506028359599
720982106768
739357884939
608349277318
998298444080
824201121723
276716218465
219154129850
759842719112
532456813930
900425327019
907246688135
542325357168
573578089468
632110998247
937717184473
811063670256
621500300290
049221229492
659597041805
837429874227
649470700368
015723755461
744718860591
171333972389
059252545636
619794080842
708395960869
193798919333
992630899435
729129997797
302962600295
319359141127
147888270294
855653959889
651363015496
664486555840
907577711921
699164509799
081475436169
326969352879
712198515375
309005364793
102173173876
634824208446
038673267457
828807982450
372175003662
899341717502
670110076624
844134464784
845808768257
639457782000
934044694116
430166019822
316753349405
475103381977
756896569713
315596073805
447154228602
209893668744
233778683587
839680779592
677703423643
042948115924
270629985473
279075504671
931117938069
542684597259
142805694096
692364649855
741076225160
817030281983
453626533847
571660331894
909869452425
766464591703
005252312128
526142856957
603789069557
552182400272
922654256261
765523200519
149531102838