810157303615
385833680059
156215759813
250687607812
589018172058
632282274760
834964251240
220752337877
022046525967
331531107572
835518315086
320228979218
227255045360
797850614100
700331490347
951339576122
642186759929
585949785979
230146759809
195886518114
397959859706
294096328834
590438388137
013893826454
607237833145
301320302647
848211314252
689203055877
317680433138
137012414568
350283993273
383685221912
993676274301
220953459481
643456603164
151573187890
184183221864
212349056072
387475160423
901648789777
150220772889
694566097561
631266248116
922733911611
345511471633
412746000259
823488108483
658504296680
871071781071
277024325531
855452448594
131492103594
773736371337
594682155450
901759010698
963990951575
396912817166
759516621511
842959347168
888860299522
383857676294
309174046696
428595495158
688690407360
647835215188
995255484648
223411825002
883997083550
299052354345
923662259487
980405400696
449976278815
570693664997
397563183092
203435128551
729013501793
675154799893
073026853267
090595646704
679274219334
953616443724
525319196279
683909992052
051605652840
835991737244
799538717460
040509965123
955640675203
263802095593
253780054433
429514636874
992310145068
690238171720
245355233485
519935197271
034103719635
621042357549
824050941263
800794333813
432145805689
397927821781
349360954255
661696556737
243887197481
117662934317
217354513833
226394890585
251099542794
123201203440
139592478931
440124494710
860721887852
038234102500
187073862481
861585960567
725320540359
183800824165
832611936195
441523007143
818809054921
701246193533
558687538382
312457100305
481533343448
908790544648
931430492000
761820809042
414637693335
442319591441
193009453555
152844013164
844980407882
206085495253
480249971955
934315777675
426119639208
678284078939
263412332976
077038736730
904785963891
618848437908
039435613297
959261642492
393413393463
773482954612
151375195408
343072199656
561748013471
490904492796
005638973529
204461838240
930525533987
983320497900
935872594547
168978224176
565959620350
353178419242
419234009781
308481846805
492449403335
181308067907
166996238617
126638522171
815783171673
713741015586
489521032492
162596111527
977186589953
203663122878
755015758473
650185667630
817123942680
227944672086
579889613283
665948980422
533650081801
706148749546
684241675662
364861235137
843808043495
694028852892
017091024935
034979460717
948104216566
326061499575
326952102941
764137655753
000979208560
128971742175
526640463876
403517947973
971225905795
332679872797
473730871312
488739448911
831980849405
323455245336
845936420067
344697902434
085767774106
482401392337
938805115773
074583078350
015248951275
197847309123
004464493456
219468210155
597755757413
180648675339
096953240131
320241572498
838168440462
215559083980
194015305612
881121343293
490105611892
632585921449
471693329857
362309036188
926538191062
811997413265
396245267781
171551859784
194162537199
834053794864
627123718537
196268638451
694132080094
592974572471
394443346716
835008885628
492695993416
552852182738
025096750576
076989572582
015150774317
003006794015
707154823791
434416293380
226904557646
059132942955
184052398609
755917002243
626351591083
340906640583
606588309065
884447275160
643047410132
721135316954
382455232526
867623778938
607291592233
154359942058
139052382640
242485906738
770796248244
650170445386
594009804163
637095699899
515361722401
024998279448
468998551694
433075400571
613724566433
584912734345
258414139924
209665848460
731502619628
819990417016
066417508397
563245558168
619516101487
406772754982
836486186185
120997790691
375838424319
754289945344
363771546951
985412491121
310948837580
820760029002
321659652778
870549950803
165063301881
121838562345
196886030802
418556818276
581926371085
982159407889
380547569741
280986782572
666821006171
515530672203
204188132614
426221018613
470155715387
884061053828
321969259331
374995650092
884995437853
237899580612
948703415083
243195728041
876593331950
481511011741
976775724229
501735052431
772749650757
815186961338
745565755387
763264545120
371801554645
147593369441
890165742619
590337421469
156740518951
265920932597
445690595872
906591701679
491909341507
652437646538
609338464009
690308602586
672519516217
292134030536
678003891680
194860861239
893406318538
462042974236
665855277092
024719673246
305017887128
427613135520
150493467512
656502531763
108024124870
667387932706
780063561038
566751506166
882558115363
720414777491
568816157509
805027778699
108382790598
777023488941
238859117817
031038250041
799428544336
770001482735
490409677344
712256676958
727188742844
975538202084
964052075928
165894380435
366194066433
998276151804
105843932888
016496634926
309736754409
140127739235
050532007286
526733935044
568739605085
921414793269
137246470877
162561385788
933568950217
530557389466
358724603455
244310906956
738194158916
423205348487
952348210829
482395858164
721170824707
016342108880
519408686002
434296597558
542517983742
742793333888
718134863843
602305862348
676107966642
925238258285
844669955708
369642698885
731589793971
854102118259
017107198760
619699445668
354160015672
606861796464
996069246165
950684103794
064422439845
988552152549
617628562992
551573876962
289489191541
375294990348
499877431861
754877133243
847417643665
601408431496
216515329753
986524311552
181510824907
774578751947
225972959232
293948618863
347875565723
067349017564
191933871294
154640361165
826510561222
067943735898
990743108680
344009578184
477825966782
002153676089
702159434017
497386353332
534666425875
613990705144
835269801996
256961156241
675504186004
776112014286
850122732083
090710186712
028169711327
532909457528
791176246931
948974124794
060105433015
542872646663
070411445536
797673176581
545908057077
983249312881
169315047275
074456051179
090219378391
465144885919
048539350578
198662973581
637297239335
653658419410
154994965385
176921095974
756260330955
103187378353
056128886269
855994632414
909142278307
944428142836
400650689311
003366390143
496421664517
604691752245
243283909527
408222539352
979128417057
836858537859
775665905091
856346038311
146307877046
137981003570
190876068561
598957786644
604632021393
804807892123
542745774567
293477613497
127803029826
887307550309
823051926231
002614301487
319306913885
626936709059
959687092936
069550095934
421418612220
825401553204
146096235725
666703876343
175634280806
932159913657
220201502022
562860249050
589220236095
657898757495
471385176047
861207081680
417878440809
018132149485
299329081976
117962703413
964021713762
422557846459
973255690560
342437775471
524855177588
098386870461
717675005374
428293494537
600463088904
980759502843
255899129943
316633588863
165618766905
672841677849
631097757587
413638827001
716901397608
448164856229
529554942489
472679522164
129483597293
527753498881
331109490061
778551361589
841394071953
120349107298
024610859675
970338987040
074220050210
921494808228
737722870996
276875384967
091846927673
026652378063
855793344266
368131404689
785539637120
013985860043
391706543389
683388124910
664456240277
311730270431
015799908488
702258978079
411833004007
341606100967
789868547261
580860532498
533422545394
531241669441
203538318022
032232835996
451638424657
268314667519
253075085015
725557725470
667435292443
654355444446
950593537133
453116280534
023600289542
301532824681
567966669093
659400884623
246429550766
246130643465
396204751158
313937043034
190165540897
914798771851
635850132550
734552291200
238840003606
759554339049
822006439978
677206089576
477316166190
424403109976
330677193319
635494097582
500710347307
122229438242
337950502224
913068072159
452691741877
631066679921
075764428672
136395097255
691737227679
050948668576
451956642660
931903730627
074635493618
959934062036
525633285692
098942859591
839409124939
324184064901
037840830507
366212254041
492309535155
857050965249
326932509703
616379995976
936168764963
939800323607
352155205760
988277754342
162977046553
307996448187
509146096237
026258237413
942223017484
586032748709
084268371549
306923494174
249200493465
634951075603
903070965013
912060506299
017779206953
789209646678
515028268325
458304725525
770328311159
572388556728
760699422046
907967786571
249729115105
775218013665
000455352762
001276599076
482271957514
057928842058
623848720777
769536301220
409997099314
866527200566
293376433428
301615586482
689440843163
709863775059
361417994139
187934860325
618643019930
346116686378
035962321424
176199029590
827562924968
815868847841
387145327084
240293606959
150679650341
734842658254
759441881371
004841025852
269529470018
462428126740
366621116951
025061637133
759496624417
990112256927
869679585514
539404062565
595845380989
526879843973
632944344207
588140614194
521621891337
505232620340
439840573328
747074555802
848571439186
679160744537
575514183186
183394946048
556730180399
372912208513
546049761282
677856361369
276690596937
263094689986
900258687570
442733701991
111538690132
740271600390
859075507096
956404935341
957576513311
077276381444
159658052994
590210568801
289427132453
035517699626
197884847194
190536287984
871321557332
950785566995
410656808281
502357405273
054144518704
295713258767
595762733304
796167158918
474682117620
668676175711
687042873434
872086546629
690199572043
689768393285
048770356923
374111688063
350219412225
920252621186
170980206064
742667913681
087542600621
614745050160
081873861394
435080753995
065756488058
419341651105
784533676371
009253137625
353736521272
131649552577
519797809259
766809536761
619982004408
115444144994
671318565138
425119811684
812858799872
455674429854
280178089597
712670379495
346937707214
752643682833
899691427282
237110101561
681093137565
717973741780
697760152757
394393824008
445536216569
592628519512
606332446103
518732184833
770205060590
016619403975
151405417377
934205090417
747482627064
125883042326
016286686685
100907085981
407960874741
974027675683
289935987951
022715243213
888896613828
961032827053
982556873952
186871166640
581750135276
264276498111
206746348132
261749804804
696343154848
842191221338
604488630273
316160887879
291380967179
713272361859
797499572944
594409613241
681541707424
479701317109
948525320933
472044113894
287615629269
079930215114
418128592900
924076126123
200480245358
851341577760
059472451449
630990664449
406743005228
150801193077
828935458614
241704696334
661819487771
160309291341
920586351108
663476625619
925492650095
492791607398
687486512933
780410360678
092454772964
874458796903
665857869469
759056588128
102099103293
453610434276
179026443543
327392074071
266516930624
482590453267
270562738623
071929863767
183346997969
809083147164
109695195241
351077913327
384464750778
502415255995
945674422572
292300149062
523096340398
424667287951
409413294183
900036983791
237244021091
059876777396
483377566427
560141164826
930621150613
927913193194
452766832040
444456672934
116728118664
997835975055
119036548876
137095593393
963280141779
457982774891
555098321851
653155850632
021553742035
675968252440
296029790920
178728876571
199839348310
895439887319
297088832804
473279009652
335325942334
765320221197
303065687985
005141711855
702282052417
690133310892
653106550981
139093134229
528341229420
981860200147
141920761586
776702193441
901101312745
061531222095
098048903425
612975972386
159881802039
847255323827
778120337775
345749686049
165425107037
544526103176
425991095577
695083514724
346961673212
016843589247
291935491244
266211816392
786718760250
601715820999
599523942414
436107315626
967361062074
192898666614
083208652296
363458202681
754810368422
258274039238
241103185019
919964702276
485337122813
861261041428
579832852004
452271573235
038191574573
048762282641
989124861352
249122483739
044077172278
075263468193
899948681111
793642503884
333328946932
058153682184
267899438410
405633116553
120476199901
530524210012
293835552342
772669092691
076385898710
408269608089
521916074897
751086969807
237776672210
232498348098
684090919344
076881453332
730089884542
413339634031
552119906434
751737448190
284368782947
859677473889
718422897137
352108203269
527841592868
235182492021
831191963409
459411218448
586575464483
027743432985
131647138051
031776248506
348030842928
371860302394
899451623143
567274393204
691795462840
167855417615
178727942700
159758032574
161965471818
384022207785
323623682162
519860082793
559829724334
768588504721
923603910280
696112562929
609344768513
987866446976
543856726101
168308706835
350730438507
818934867910
272485742026
778565147642
146359091023
488290748907
450754107284
448624236158
465898487969
354374366759
717396554687
181015422530
551720110773
017401959422
135073130138
236879176565
535255690886
029399587791
444706119558
707544532216
223335267354
485497064461
420243601922
534515536484
713306566880
009177737391
132506713995
786423266839
794573142221
664824042002
971487072991
585435145053
678455068556
848867898679
382777645479
774580263132
198713510666
577561697305
562129491902
125381055885
711361994084
863181939007
888517685134
147191295367
525974515841
759814219217
929216985940
161205788320
705199445250
