584078893518
497225627763
615018997976
630521481465
154485096663
430386429306
890497685432
968407020895
689682477939
491959966009
847969675955
037653086344
957750866070
108947844846
720108752118
813513335621
796963935963
071251349492
638701880520
132986076273
041663342370
027234606159
918834895719
363726228496
423359151079
392370935775
568669636993
919059698516
186125768113
264413085494
332892648465
681542981951
414294020996
248204593480
878786818000
520850689445
007717661859
657377361533
573992528987
084592973498
424582309278
105220794307
244053155617
159079345665
297706650744
944427796719
753970501653
763367633201
993222224048
301745472259
155460261683
152856919356
101547697563
366082414230
096300055759
522731011740
744499965915
542588969038
336184500824
791621372246
650714576583
272328091408
662372382932
374504132566
168504238844
992937440368
239998868435
202881303783
102965440625
249940883154
872943238615
911123648815
055145364447
662005494492
855476816335
358143117410
674724007691
004938574350
312833732533
171337226501
025553388793
534601216392
356424001468
726390922408
774287198110
384261200640
114728574250
626179595594
277298264435
157891847670
572929534800
664076966507
964999251157
937079453463
355956360523
579126459611
811477332139
040971163034
928167947876
010721922880
928741011075
273679159151
738308316990
168052292195
666058898602
521173172073
366129231102
049824478489
425923844571
851717181703
876491312226
826073411694
799057409753
486405420492
099014226316
894317203829
640949473182
443963324380
378217974952
164685934344
777539867146
731882403081
251145910248
493122948323
167313338875
038106355277
525041995700
785733949584
576868414165
002682004570
318456879275
059485920402
990723515071
283023688584
069064335197
051584182292
619673913501
328850643928
529165098928
352957448988
254780770281
015365967958
751922393936
512182817863
148262000939
382420923945
728284793988
212348830195
017723178238
253179837388
732808960002
098192539340
014298571208
837220513793
988527872879
066638834518
004095143586
822431322436
900798722253
787125567117
563140097649
645857722841
553085034542
727407930770
214299736541
458531503143
878233166907
064967842292
088944158267
660679816592
246012593309
727458759701
501544704176
434497001519
644618622035
019484853724
084794388450
702995993481
491791456987
489702961667
247323743174
649382827922
778292530096
344879149901
430349529512
219045771918
972756423126
904080310550
859449358795
877653409194
364136395273
719388082544
990712254155
984748591906
816490157533
155161887322
855684219594
436674262421
543083482704
299623107901
358748012200
713558034090
065382953156
535924331454
211319507775
231610234000
178144758347
514005295353
223017940779
415247587521
017760396159
963198159229
174093482030
161388789559
028983586858
727832908885
443601372688
650100362347
921859620179
688007960293
914346646186
491629401025
241212743195
338771994144
598316693357
911713031058
593686448043
843862917221
957907565928
436736070668
932124491397
133470517450
530963564457
697830681736
884633084122
577188416959
922820982622
370163112887
842809806145
308442602900
488739571740
229029237949
597555529661
013613412254
262570007364
997513037357
539083259658
538541879003
961432989061
339907978065
847985877730
556882368491
244718152025
805359823905
029334856205
091194107599
116765408711
023497720223
031775802404
862988222225
452518571968
035319599678
854050267069
209013676407
821663169588
902621552053
762558618201
541331665857
810476791238
285364967973
503233436195
184375604616
571433169261
632909343864
908518376870
433419985538
993263925061
111458291054
971126402825
408475672498
154796971979
747354345053
243522241982
127585072530
936749686363
830518731407
961006304415
814344760268
903335145347
454968414055
446344229882
167467611799
397133842648
740222099774
078403583990
341353574281
881959242044
061732650147
370995109554
013711913943
189836695569
895596590612
246769817196
230966321453
030134361523
460606756385
939310119214
274747447372
890364967491
785890055924
805379860267
608204868157
398071496865
582075127350
286024584701
331216630719
353596419572
955877076391
021933102293
973596662879
821622505281
203354597485
246992389045
512108800467
363251400757
504590009324
772547033456
537650462762
113621073211
706653054976
753052098865
575798573756
959855443176
792400821264
979241169476
656360025056
345940695081
541877424154
050583519046
374072501796
947994261612
958243071176
229643908528
666099366460
759578901671
580741230309
694960497899
081033339895
748041951747
729776401132
606914093817
462937049818
946150569479
183715381627
511120340238
192794663986
257315620013
764353181953
270779720852
477331952991
545006210644
861347360024
190547169988
704368607459
099882608837
328583841386
340786724585
728502450630
393029327357
696059356978
852910221798
789737246718
731502260396
884352341085
895248763822
093317922601
728418128319
412422927455
840769830687
790015404030
770076162666
438452249260
569694077273
384768100596
066610517109
633120796164
548949614099
897552580619
797439340018
693355160617
756270592245
951465513110
738755137511
165914955361
087181446756
078424751798
975953399247
931812723119
159908386933
061731772251
545978640273
008371669841
181083322206
988199231327
363559056452
059641728937
034283966519
754362847416
467218285775
429171237849
464106255304
200683667072
887920518035
007402783117
346780193599
802253037270
932393649737
935432124357
600658340157
778873316664
502621268832
407953293652
247421170864
169710696246
894826104219
397436352018
457671707688
443033635631
725160834908
293971231348
892397216367
628781125093
310579897144
027771756005
811509959704
932363437249
994021421820
127216243017
412917824849
849002658741
347773481551
396979869974
728386026184
212704652338
614361893051
679417958439
616282300395
556281231361
653495142393
183500098476
378057115190
885505484908
014675453130
963104373691
539434362896
806802427857
469241700988
156886556273
885346810245
985650392896
078517409112
622447259391
562918903548
715694426386
519428569816
906726583997
063538724149
133992010476
236715026478
899144054635
375015708768
575549827364
785130499686
312605587091
277201667027
616021126904
292722579566
090403239084
494643064857
684289159296
218569807169
131470099461
587165030930
762857434827
102346959368
135026884262
097850414623
380292928158
302273164340
673605156451
526611799990
155018298331
248097380429
029833325159
392678533668
685480900374
221625801895
680896791321
495205408191
043159605703
